0
1
2
3
17
7
6
4
18
5
19
8
9
68
20
10
30
21
11
22
67
66
31
23
13
12
32
69
33
14
24
65
34
25
70
15
29
35
71
16
36
26
64
27
37
28
38
72
39
88
73
74
40
89
75
41
90
76
43
78
44
45
79
91
81
46
77
47
80
48
82
92
49
83
50
84
63
51
59
94
52
96
53
85
54
60
55
86
97
95
56
61
98
57
58
42
87
100
93
62
99
102
103
104
105
106
109
107
108
110
111
112
113
114
115
144
116
143
117
118
142
145
141
147
101
146
151
140
152
153
154
148
155
149
119
150
156
157
139
158
159
120
160
121
134
161
122
135
123
162
124
136
163
164
137
125
165
166
167
126
168
138
169
170
171
172
173
174
127
175
176
128
178
179
129
180
130
177
131
181
182
183
133
132
184
185
186
187
188
189
190
192
193
196
197
191
198
194
199
195
all the processes finished
